855
840
832
669
682
711
772
809
869
895
825
760
669
697
772
967
1000
1049
1022
993
875
767
859
924
801
935
989
977
1078
947
974
971
792
1043
1046
1100
1165
1087
1079
1055
877
1036
968
950
1034
934
1038
991
858
1102
1137
1093
1094
949
763
895
907
961
1090
1023
1039
978
830
1035
1034
931
1042
948
777
885
873
744
883
996
849
980
994
834
972
920
729
698
705
936
1082
1073
1077
1048
1054
1002
883
1006
1024
868
962
947
927
992
917
1000
1018
888
1001
814
874
1004
819
699
802
909
723
854
1026
1026
916
937
985
855
848
920
822
846
957
923
764
847
972
838
935
1001
1009
898
787
853
856
912
929
805
841
835
770
839
871
773
884
895
739
815
856
915
865
789
480
397
727
836
890
912
865
700
744
692
793
741
723
848
838
948
942
751
724
810
927
748
771
771
930
879
819
902
936
847
848
795
846
924
849
769
870
892
785
731
718
666
656
639
631
629
625
626
602
606
634
647
823
944
957
920
924
773
871
866
743
854
857
753
709
769
904
752
707
850
979
951
900
889
956
1027
948
959
947
908
949
914
967
1016
948
954
987
860
991
920
775
1034
956
852
1014
984
997
1050
818
981
850
781
947
950
827
915
955
778
764
750
713
673
689
708
691
751
693
807
801
716
731
717
776
772
676
658
619
604
594
585
586
607
691
871
881
864
902
847
897
911
903
761
704
726
687
723
711
884
985
979
889
808
789
765
732
792
751
690
769
848
861
831
831
868
735
685
699
681
705
655
652
731
808
728
816
877
796
882
956
855
876
935
977
940
994
819
796
796
712
687
734
819
713
814
845
827
732
690
707
710
687
679
736
771
777
686
693
735
797
842
870
836
741
783
789
791
706
693
725
759
809
749
673
698
708
693
704
763
740
707
781
701
692
726
786
698
781
830
836
716
753
819
807
680
681
703
680
770
823
727
680
706
738
771
668
678
688
684
640
639
646
650
638
668
719
748
862
864
858
779
855
928
846
844
918
916
780
839
905
757
928
969
839
1003
810
878
1001
861
765
1077
1080
842
636
350
1055
877
963
913
897
1002
816
1007
781
746
763
756
877
1008
781
945
1074
1085
1048
1085
1025
814
992
980
770
949
1000
997
917
999
915
934
991
856
969
973
845
1018
993
946
1055
1030
1012
1026
903
997
947
867
1007
1019
953
1005
880
894
985
878
995
920
1047
1088
952
959
1065
947
1007
1016
911
996
904
916
996
884
891
985
934
874
994
917
864
968
834
725
821
839
895
870
754
742
765
740
674
713
832
824
815
918
901
733
779
827
747
787
956
821
768
829
738
857
894
784
920
922
805
916
860
777
